0 100
38 39
40 39
1 4 1 1
1 5 1 0
6 9 0 0
6 10 0 0
11 14 1 0
11 15 1 1
16 20 1 0
21 23 1 0
21 25 0 0
1 23 1 1
1 25 0 0
26 29 0 0
26 30 0 0
31 35 1 1
31 33 1 1
36 40 0 1
36 39 1 0
41 45 1 1
41 44 0 1
1 45 0 1
1 44 1 0
46 50 1 1
0 1010000011110000100000001111110101011001101101001100110110110010110010100011010100010011101011101111
1 100
39 38
39 40
1 5 0 0
1 3 0 0
6 6 1 1
6 10 0 1
11 15 0 1
16 19 1 0
16 20 1 0
21 24 1 1
21 25 1 1
1 24 0 1
1 25 1 1
26 29 0 1
26 30 1 0
31 34 1 1
31 35 0 1
36 39 0 0
36 40 1 1
41 44 1 0
41 45 1 1
1 44 1 1
1 45 1 1
46 50 0 1
46 47 0 1
1 1100101000101100100111001000010101011001001111010011000100001100100000110101101011111011010001101010
2 100
37 39
40 39
1 5 1 0
1 1 1 1
6 9 0 0
6 10 0 1
11 15 1 1
11 12 1 1
16 20 0 1
21 25 0 1
1 25 1 0
1 20 1 0
26 30 0 0
26 29 1 0
31 35 0 1
31 34 0 1
36 40 1 0
36 39 1 1
41 43 0 0
41 45 1 1
1 43 0 0
1 45 1 1
46 50 1 1
2 0010011111000100101100011011100000011111000010100110010101110110010100110100011111010101001001111010
3 100
39 37
40 37
1 4 1 1
1 5 0 0
6 7 1 0
6 10 0 0
11 14 1 1
11 15 1 1
16 17 1 0
16 20 1 0
21 25 1 0
21 23 1 0
1 25 1 1
1 23 1 1
26 30 1 0
26 27 0 0
31 33 1 0
31 35 0 1
36 40 0 0
36 37 1 0
41 44 0 0
41 45 1 0
1 44 0 0
1 45 1 1
46 46 0 0
46 50 1 1
3 0101011000101111101101111100011010011110100010110110111111001001000000011000010011001100000000100111
4 100
0 39
0 40
1 5 1 0
1 4 0 0
6 10 0 0
6 8 0 1
11 15 0 1
11 12 1 0
16 20 1 1
16 18 1 0
21 25 1 1
1 20 0 1
1 25 1 1
26 30 0 1
26 28 1 0
31 35 0 0
31 34 0 1
36 40 0 0
41 43 0 1
41 45 1 0
1 43 1 0
1 45 1 1
46 46 1 1
46 50 1 1
4 0000110000111001111111101101111010110010111111010110100110000100100011001111011100100110101100100100
5 100
38 39
40 39
1 5 0 1
1 3 0 0
6 8 1 0
6 10 1 0
11 13 0 1
11 15 1 1
16 17 0 1
16 20 1 1
21 24 0 0
21 25 0 1
1 24 0 0
1 25 1 0
26 30 1 0
31 34 1 1
31 35 0 0
36 40 0 1
36 39 1 1
41 43 0 1
41 45 0 1
1 43 0 0
1 45 1 0
46 50 1 1
46 49 0 0
5 1000011111100111000101100100010111100000000111110100010111011011110101011100101010011111001101011010
6 100
39 38
40 38
1 4 1 1
1 5 1 0
6 10 0 0
6 9 1 0
11 15 0 1
11 11 1 1
16 20 0 1
16 18 0 1
21 25 0 1
21 24 1 0
1 25 0 0
1 24 1 1
26 29 1 0
26 30 1 0
31 31 0 1
31 35 1 1
36 40 0 0
36 38 1 0
41 45 1 1
41 43 0 1
1 45 0 1
1 43 0 0
46 49 1 0
46 50 0 1
6 1010100011100111100101011100011011101111000001111000111110110011011100110010101001011001110101111110
7 100
39 38
40 38
1 5 0 1
1 4 0 0
6 9 1 1
6 10 1 1
11 11 0 1
11 15 1 0
16 20 0 0
21 25 1 0
21 24 1 0
1 25 1 1
1 24 0 1
26 30 0 0
26 28 0 1
31 34 1 0
31 35 1 0
36 40 1 1
36 38 1 1
41 44 0 1
41 45 0 1
1 44 0 0
1 45 0 0
46 50 1 1
46 49 0 0
7 1011010110000101011101101110101101110111010001000100110010000010110000100010001011101010010010011000
8 100
39 0
39 40
1 5 0 0
1 4 1 1
6 8 0 1
6 10 1 0
11 13 0 1
11 15 1 0
16 20 0 1
16 17 0 0
21 25 1 0
21 24 1 1
1 25 1 1
1 24 0 1
26 30 1 1
26 28 0 0
31 34 0 0
31 35 0 0
36 39 1 0
36 40 1 1
41 45 1 0
41 41 1 0
1 45 1 1
1 41 1 1
46 48 0 1
46 50 0 0
8 1110001000010000100011101010110110010011101011100000101010111011001111000100011111111001010010110101
9 100
36 39
36 40
1 3 0 0
1 5 0 1
6 7 0 1
6 10 1 0
11 15 1 1
11 14 1 0
16 20 1 1
21 25 1 1
21 23 0 1
1 25 1 1
1 23 0 0
26 28 0 0
26 30 1 0
31 35 1 0
31 32 1 1
36 36 0 0
36 40 1 1
41 45 1 1
41 44 0 0
1 45 1 1
1 44 0 0
46 50 1 0
9 0100000101000110001101011100111100100001111010001111000001111000101110111010001000111011101011000101
10 100
0 39
0 40
1 3 0 0
1 5 0 0
6 8 0 0
6 10 0 1
11 14 1 1
11 15 0 0
16 20 1 0
16 19 0 0
21 24 0 1
21 25 0 1
1 24 0 0
1 25 1 0
26 29 0 1
26 30 0 1
31 35 0 1
31 34 1 1
36 40 0 0
41 45 0 0
1 45 1 0
1 40 1 0
46 49 1 1
46 50 0 0
10 1010011110001000000010010100111110110001001010111000111010111000100110100110010110000010110101100011
11 100
39 38
40 38
1 5 0 1
1 4 1 0
6 9 1 0
6 10 1 0
11 14 0 1
11 15 1 0
16 20 0 1
16 17 0 0
21 25 1 0
21 24 1 1
1 25 1 1
1 24 0 1
26 30 1 0
31 34 0 1
31 35 1 0
36 40 1 0
36 38 0 0
41 45 0 1
41 43 1 1
1 45 0 0
1 43 0 1
46 50 0 0
46 49 0 1
11 1111010011101010000010111100101010011111100001010010100110110010101001010010101111100111011010111101
12 100
39 38
40 38
1 5 1 1
1 4 1 0
6 9 0 1
6 10 0 0
11 15 0 1
11 12 0 1
16 19 0 0
16 20 0 1
21 24 0 0
21 25 0 1
1 24 1 0
1 25 0 0
26 26 0 0
26 30 1 1
31 34 1 1
31 35 0 1
36 40 0 1
36 38 1 0
41 45 1 0
41 43 1 0
1 45 0 1
1 43 0 1
46 46 1 1
46 50 1 0
12 1110110001010101100100101101000100111001110001010110100110010100111100001001101011010101101100000000
13 100
39 38
40 38
1 4 1 1
1 5 1 1
6 10 0 0
6 8 0 0
11 14 0 1
11 15 0 1
16 20 0 0
16 19 0 0
21 25 0 1
21 23 0 0
1 25 0 0
1 23 1 0
26 28 1 0
26 30 1 0
31 34 1 0
31 35 1 1
36 40 0 1
36 38 1 1
41 43 0 1
41 45 1 0
1 43 0 0
1 45 1 1
46 50 0 1
46 49 0 1
13 1111001100101010111011100101110011111110000010100010100101111011110011110001110111011111111110100001
14 100
38 39
40 39
1 5 1 0
1 3 1 1
6 10 1 1
11 15 1 1
11 13 1 1
16 20 0 1
21 25 1 0
21 23 0 0
1 25 0 1
1 23 1 0
26 30 0 0
26 28 1 0
31 32 0 1
31 35 0 1
36 40 1 0
36 39 0 1
41 43 1 1
41 45 0 1
1 43 1 1
1 45 0 0
46 48 1 1
46 50 0 0
14 0101001100010101010101100101000010001001101001011001011000110010000111111111110110101100100011010000
15 100
37 39
40 39
1 5 1 0
1 4 0 1
6 8 0 0
6 10 1 0
11 15 1 0
11 13 0 1
16 20 1 0
16 19 0 0
21 24 0 1
21 25 1 0
1 24 0 0
1 25 1 1
26 30 0 0
26 29 0 1
31 34 1 0
31 35 0 0
36 40 1 0
36 39 1 1
41 44 0 0
41 45 0 0
1 44 0 0
1 45 1 0
46 50 0 1
46 47 0 1
15 1011110010001011001111100111100111100101000011001010101110110011110010111000110101100011100110101001
16 100
36 39
36 40
1 2 0 0
1 5 1 0
6 10 0 1
6 7 0 1
11 14 1 1
11 15 0 0
16 20 0 0
16 19 1 1
21 24 0 1
21 25 1 0
1 24 1 0
1 25 0 1
26 28 1 0
26 30 0 0
31 35 0 1
36 36 1 1
36 40 1 1
41 45 0 1
41 43 0 1
1 45 1 0
1 43 0 0
46 50 1 1
46 49 1 0
16 0001011000110111010011000100101111000111100111011101011000011110101111011110101010010101001111101010
17 100
39 37
40 37
1 5 1 1
1 3 0 0
6 7 0 1
6 10 0 0
11 15 1 0
11 14 0 0
16 20 0 0
16 18 0 0
21 25 0 0
21 23 0 1
1 25 1 0
1 23 0 0
26 28 0 0
26 30 1 0
31 35 1 1
31 34 0 1
36 40 0 0
36 37 1 0
41 45 1 1
41 44 1 0
1 45 1 1
1 44 0 1
46 50 0 1
46 49 0 0
17 0010011001110100010110101110101101100010110010100010101001111010101110011100111101111111011000011100
18 100
39 37
39 40
1 4 1 0
1 5 1 1
6 10 1 0
6 9 1 1
11 15 0 1
11 14 0 0
16 20 0 1
16 17 0 0
21 23 1 0
21 25 1 0
1 23 1 1
1 25 0 1
26 30 1 0
26 28 0 1
31 35 0 0
31 33 1 0
36 39 1 0
36 40 0 1
41 44 0 1
41 45 0 0
1 44 1 0
1 45 0 0
46 50 1 1
46 49 0 1
18 0110010100110110100111010010101011110000110101010100001001010110100101100100110101110011111000101110
19 100
38 39
38 40
1 2 1 1
1 5 0 1
6 6 1 0
6 10 1 0
11 15 0 1
16 19 1 1
16 20 0 1
21 24 1 0
21 25 0 0
1 24 1 1
1 25 1 0
26 30 0 1
26 29 0 0
31 33 0 0
31 35 0 1
36 38 0 1
36 40 0 0
41 45 1 0
41 41 1 1
1 45 1 1
1 41 0 1
46 46 1 0
46 50 0 0
19 1100010101001101001001010001100100110011011011101001010010001110110101111010011100101100111010000000
20 100
38 39
38 40
1 4 0 1
1 5 0 0
6 10 1 0
6 9 0 0
11 14 0 1
11 15 0 1
16 19 1 1
16 20 0 0
21 23 0 0
21 25 0 1
1 23 0 0
1 25 0 0
26 29 0 0
26 30 0 0
31 32 0 0
31 35 1 1
36 38 1 0
36 40 0 1
41 44 0 1
41 45 1 1
1 44 1 0
1 45 0 1
46 50 0 1
46 49 1 1
20 1111100110110111110111111000111110000011101100111011101001101110000100100001100011010101011110010100
21 100
38 39
38 40
1 5 1 0
1 2 1 1
6 10 1 0
6 9 1 1
11 15 0 1
11 14 0 0
16 20 1 1
16 17 1 1
21 24 0 0
21 25 0 1
1 24 1 0
1 25 1 0
26 30 0 1
26 29 0 0
31 34 1 1
31 35 1 0
36 38 1 1
36 40 1 1
41 44 1 0
41 45 0 1
1 44 1 1
1 45 1 0
46 50 1 1
46 49 1 0
21 0110011110000010101001010010101011000110011111111101110101000101100101111000011110111001011110111011
22 100
0 39
40 39
1 5 0 0
1 4 0 1
6 10 1 0
6 9 1 0
11 13 1 0
11 15 1 1
16 19 1 1
16 20 0 1
21 24 1 0
21 25 0 1
1 24 1 1
1 25 0 0
26 30 0 1
26 28 1 0
31 34 0 0
31 35 1 1
36 40 1 0
36 39 1 0
41 42 0 1
41 45 1 0
1 42 0 0
1 45 1 1
46 48 0 0
46 50 1 1
22 1110000111101110101001010001100110100011101010101111101101110100011101101000010000100110010101110001
23 100
39 38
39 40
1 4 0 0
1 5 0 0
6 10 0 0
6 8 1 0
11 15 1 1
11 12 1 1
16 16 1 1
16 20 1 0
21 25 0 1
21 24 1 0
1 25 1 0
1 24 1 1
26 30 0 0
26 29 1 0
31 35 1 1
31 31 0 0
36 39 1 0
36 40 0 1
41 45 1 0
41 42 0 1
1 45 1 1
1 42 1 0
46 49 0 0
46 50 0 0
23 1111101001000100011011101010001110110111010111100001000001111010101001101100001001101101010101010100
24 100
38 39
38 40
1 5 1 1
1 4 1 1
6 9 1 0
6 10 1 0
11 15 0 1
11 14 1 1
16 20 0 1
16 19 0 1
21 23 0 1
21 25 0 0
1 23 1 0
1 25 0 0
26 30 1 1
26 29 0 0
31 35 0 0
31 33 0 1
36 38 0 1
36 40 0 1
41 44 1 1
41 45 1 1
1 44 0 1
1 45 1 1
46 49 0 1
46 50 0 0
24 1111110111111100000001000001000100110110110011010001101111010101101011100110011110100111111010001110
25 100
37 39
40 39
1 5 1 0
1 4 0 1
6 10 1 0
6 9 0 1
11 14 0 0
11 15 0 1
16 20 1 1
16 17 1 1
21 25 1 1
21 24 0 1
1 25 0 1
1 24 1 0
26 27 0 1
26 30 0 1
31 34 0 1
31 35 0 0
36 40 0 0
36 39 1 0
41 44 0 0
41 45 1 1
1 44 0 0
1 45 1 1
46 49 0 1
46 50 0 0
25 1011000110011110010001110001000100010110011011010001010111001111101011001101110111000100111100111001
26 100
39 36
40 36
1 4 0 1
1 5 0 1
6 7 0 1
6 10 0 1
11 15 0 1
11 14 1 0
16 19 0 1
16 20 1 1
21 22 0 1
21 25 1 1
1 22 0 0
1 25 1 1
26 30 0 0
26 27 1 1
31 35 1 1
31 34 1 0
36 40 1 0
36 36 1 0
41 45 0 0
41 42 1 0
1 45 1 0
1 42 1 1
46 48 0 1
46 50 0 0
26 0001001110001110111101101010110101010110011110101001101000101001111000001101010110001010110110000101
27 100
39 38
39 40
1 5 1 1
1 4 1 0
6 8 0 0
6 10 1 1
11 14 1 0
11 15 1 0
16 19 1 1
16 20 0 0
21 24 1 0
21 25 0 0
1 24 1 1
1 25 0 0
26 30 1 1
26 29 1 0
31 34 1 1
31 35 0 1
36 39 0 1
36 40 0 0
41 45 0 1
41 42 1 0
1 45 1 0
1 42 0 1
46 50 0 0
46 48 0 0
27 1100010110010000000110101111000100111111101011000011011010011010111110100111111111100010110101110111
28 100
39 38
40 38
1 5 1 0
1 4 0 0
6 10 1 1
6 9 1 0
11 14 0 0
11 15 1 1
16 17 1 0
16 20 0 1
21 25 0 1
21 21 0 0
1 25 1 0
1 21 0 0
26 30 0 1
26 28 1 0
31 34 0 0
31 35 0 0
36 40 0 0
36 38 0 0
41 42 1 0
41 45 1 1
1 42 1 1
1 45 0 1
46 50 1 1
46 49 1 1
28 1001001000111100011110101110000000100100010000011101111000001111111000110110101111111000011000111011
29 100
38 39
38 40
1 5 0 1
1 4 1 1
6 9 1 1
6 10 0 1
11 13 0 1
11 15 0 0
16 20 1 0
16 19 0 1
21 25 1 1
21 24 1 0
1 25 0 1
1 24 0 1
26 30 0 1
26 29 1 0
31 35 1 0
31 34 0 1
36 38 1 0
36 40 0 0
41 45 1 0
41 44 0 1
1 45 1 1
1 44 0 0
46 48 0 0
46 50 1 0
29 0010110001101010011001000111100000110100001010100110111001100000100011110011011111000100111100000110
30 100
36 39
36 40
1 5 1 0
1 3 0 1
6 9 1 0
6 10 0 1
11 15 1 1
11 13 1 0
16 20 0 1
21 23 1 0
21 25 1 1
1 23 0 1
1 25 1 1
26 30 1 0
26 28 1 1
31 34 1 1
31 35 0 0
36 36 1 1
36 40 0 0
41 45 1 1
41 41 0 0
1 45 1 1
1 41 0 0
46 50 0 1
46 49 1 0
30 1101011100101101001010001001111011011000000110011011011001100001000010001111011101001101010110110000
31 100
38 39
40 39
1 4 1 1
1 5 1 0
6 7 1 1
6 10 1 1
11 15 1 0
11 14 0 1
16 20 0 0
16 19 0 1
21 24 0 0
21 25 1 0
1 24 1 0
1 25 1 1
26 30 1 1
26 28 1 0
31 35 1 1
31 32 1 0
36 40 1 0
36 39 0 0
41 44 0 0
41 45 1 0
1 44 0 0
1 45 1 1
46 50 1 0
46 48 0 0
31 1110110111100000000110011011010111101001100011001100010110110010100010011001000000011101111111111100
32 100
39 38
39 40
1 5 1 0
1 4 1 0
6 6 0 1
6 10 1 0
11 15 1 1
11 14 1 0
16 18 0 1
16 20 1 1
21 25 1 1
21 22 1 1
1 25 0 1
1 22 0 1
26 30 1 0
31 35 0 1
31 33 1 0
36 39 0 1
36 40 0 1
41 44 0 0
41 45 0 1
1 44 0 0
1 45 0 0
46 50 0 0
46 49 0 1
32 1010010010111001011000000010010111001100000001000010010011000111010101100101110001000101110100010001
33 100
39 37
39 40
1 4 1 0
1 5 1 0
6 10 1 1
6 7 0 1
11 15 1 0
11 12 1 1
16 20 0 0
16 18 0 1
21 25 0 1
21 24 0 0
1 25 1 0
1 24 1 0
26 29 0 0
26 30 0 0
31 35 0 0
31 33 1 0
36 39 1 1
36 40 0 0
41 42 0 1
41 45 0 1
1 42 1 0
1 45 0 0
46 48 0 0
46 50 0 1
33 0111011111000010110000110111100011101000011101000000110011010111000110001111111011100011000001000111
34 100
38 39
38 40
1 5 0 0
6 10 1 1
6 9 0 0
11 15 1 0
11 14 0 1
16 20 0 1
16 18 1 1
21 23 0 0
21 25 0 0
1 23 0 0
1 25 1 0
26 29 0 0
26 30 1 1
31 32 0 1
31 35 1 0
36 38 0 0
36 40 0 0
41 45 1 1
41 44 1 0
1 45 1 1
1 44 0 1
46 50 0 1
46 48 0 0
34 1100011101001010110000000110000010010001101010100011001000111011100110010000010111110001110001100011
35 100
39 37
39 40
1 5 1 0
1 4 1 1
6 9 0 1
6 10 1 0
11 15 1 1
11 14 1 0
16 20 0 0
21 24 1 1
21 25 1 1
1 24 0 1
1 25 1 1
26 30 1 1
26 27 1 1
31 35 0 0
31 34 0 0
36 39 0 1
36 40 0 1
41 45 1 1
41 44 1 1
1 45 0 1
1 44 0 1
46 49 1 0
46 50 1 1
35 0100110000111011010011010101100111111011010000011110011101111011001011100000011111010001110111000110
36 100
38 39
38 40
1 2 0 0
1 5 0 1
6 8 1 0
6 10 1 0
11 14 0 0
11 15 1 0
16 19 1 0
16 20 1 1
21 21 1 0
21 25 0 0
1 21 1 1
1 25 1 0
26 30 0 0
26 29 0 1
31 33 1 1
31 35 0 0
36 38 1 0
36 40 1 1
41 45 1 1
41 44 0 0
1 45 1 1
1 44 0 0
46 50 0 1
46 49 0 1
36 0010111100111000111011011110001110011101000011000010001000001000000001101101101000010011110000110111
37 100
0 39
0 40
1 3 0 1
1 5 1 0
6 8 0 1
6 10 0 1
11 15 1 1
16 18 0 1
16 20 1 1
21 22 0 1
21 25 1 0
1 22 0 0
1 25 1 1
26 30 1 0
26 28 1 1
31 35 0 1
31 32 0 0
36 40 1 0
41 43 1 1
41 45 1 1
1 43 1 1
1 45 1 1
46 48 1 0
46 50 1 1
37 0100111010000110001100111111010000000001001110110110001110101000011100011001111011100110000110010111
38 100
38 39
40 39
1 1 0 0
1 5 1 0
6 10 1 1
6 8 0 1
11 14 0 1
11 15 1 1
16 19 0 1
16 20 0 1
21 23 1 0
21 25 1 0
1 23 1 1
1 25 1 1
26 29 1 1
26 30 0 1
31 33 1 1
31 35 0 0
36 40 0 1
36 39 1 1
41 45 0 0
41 42 0 0
1 45 1 0
1 42 1 0
46 50 1 0
46 49 1 1
38 1110000100111101001100000110010101100001011010011101000010100010011100111000010010001001101111000110
39 100
37 39
37 40
1 5 1 1
1 3 1 0
6 10 1 1
6 9 1 0
11 13 1 0
11 15 1 0
16 16 1 1
16 20 1 1
21 24 1 0
21 25 0 0
1 24 0 1
1 25 1 0
26 30 0 1
26 26 0 1
31 33 1 0
31 35 1 0
36 37 0 1
36 40 1 1
41 45 1 1
41 41 1 0
1 45 0 1
1 41 1 1
46 50 1 1
46 48 1 1
39 1001101101101001111001011001011101111111110101010101110101011110111111010101001101110000110010000010
40 100
39 37
40 37
1 5 1 1
1 4 0 1
6 8 0 0
6 10 1 0
11 14 1 0
11 15 1 0
16 20 0 1
16 18 0 0
21 25 1 0
21 23 1 0
1 25 0 1
1 23 1 1
26 29 1 1
26 30 0 1
31 33 0 0
31 35 1 1
36 40 1 1
36 37 1 0
41 45 0 0
41 44 0 1
1 45 0 0
1 44 0 0
46 50 1 0
46 49 1 0
40 0100010111000010100111110010101101111101101001011101110100110101111111001101010001010110111101110001
41 100
36 39
40 39
1 5 0 1
1 4 1 0
6 9 1 1
6 10 0 1
11 14 1 0
11 15 0 0
16 19 0 1
16 20 0 1
21 21 1 1
21 25 1 0
1 21 0 1
1 25 0 1
26 27 1 0
26 30 1 0
31 31 0 0
31 35 0 1
36 40 0 0
36 39 1 1
41 45 0 0
41 44 1 1
1 45 0 0
1 44 1 1
46 48 1 1
46 50 1 0
41 1110100101010011001101000010110111001110001100010110001110101111101111110000001110001110001101000011
42 100
39 38
40 38
1 5 1 0
1 3 0 1
6 10 0 1
11 12 0 0
11 15 0 0
16 18 0 0
16 20 0 1
21 25 0 0
21 23 0 1
1 25 1 0
1 23 1 0
26 30 1 0
26 29 0 0
31 35 1 0
36 40 1 1
36 38 0 0
41 41 1 1
41 45 1 0
1 41 1 1
1 45 0 1
46 49 0 1
46 50 0 0
42 0100000110110100111000011100110111011111100001110001010000000010001110010010000101000010000110011011
43 100
0 39
0 40
1 4 0 0
1 5 1 0
6 8 1 0
6 10 1 0
11 15 1 1
11 14 1 1
16 19 1 1
16 20 1 0
21 24 1 0
21 25 0 0
1 24 0 1
1 25 1 0
26 30 1 0
26 27 0 0
31 34 1 0
31 35 0 1
36 40 1 1
41 45 1 1
1 45 1 1
1 40 0 1
46 49 0 1
46 50 1 1
43 1111101001010100000110000110011111111010110010010111110011000101110100011100100011100111001011010011
44 100
0 39
0 40
1 5 1 0
6 10 1 0
11 15 1 1
16 20 1 0
21 25 1 0
1 25 0 1
26 30 0 1
31 35 0 0
36 40 0 1
41 45 0 1
1 45 0 0
46 50 0 1
44 0000000000000000000000000000000000000000000000000000000000000000000000000000000000000000000000000000
45 100
39 37
39 40
1 5 1 0
1 3 1 0
6 10 0 0
11 13 0 0
11 15 1 0
16 20 0 1
16 19 1 1
21 23 0 1
21 25 0 0
1 23 1 0
1 25 0 0
26 30 1 0
26 27 0 1
31 35 1 0
31 32 1 0
36 39 0 0
36 40 0 0
41 44 0 0
41 45 1 1
1 44 1 0
1 45 1 1
46 48 0 1
46 50 0 1
45 0011111000100111001011000101001110011010110110100000111101000011111010110000010111010111110001100101
46 100
39 38
40 38
1 5 0 1
1 4 0 0
6 9 0 1
6 10 1 1
11 15 1 1
11 14 0 0
16 19 1 1
16 20 1 1
21 25 1 0
21 24 0 1
1 25 1 1
1 24 1 0
26 30 1 1
26 29 1 1
31 35 0 0
36 40 1 1
36 38 0 1
41 44 1 1
41 45 1 0
1 44 0 1
1 45 0 1
46 50 1 1
46 49 0 0
46 0000110011110001100100100101000111111100001001100100010010101110011110100101010011110101101000000100
47 100
37 39
40 39
1 3 0 1
1 5 1 1
6 10 0 1
6 8 0 1
11 15 0 1
11 14 1 1
16 20 0 0
16 19 1 0
21 25 1 1
21 24 1 1
1 25 0 1
1 24 0 1
26 30 0 1
31 33 0 1
31 35 1 0
36 40 0 1
36 39 0 0
41 44 1 0
41 45 1 0
1 44 1 1
1 45 0 1
46 49 1 1
46 50 1 0
47 1111111001111110011110110001101100011010111101011110111001111100100110100111111101011011000100111011
48 100
39 36
39 40
1 5 0 0
1 4 0 0
6 10 1 1
6 9 1 0
11 15 0 0
11 13 0 0
16 20 1 1
16 18 0 0
21 25 1 1
1 25 0 1
1 18 1 0
26 30 1 1
26 28 0 0
31 35 1 1
31 32 1 1
36 39 1 1
36 40 0 1
41 43 1 1
41 45 0 1
1 43 1 1
1 45 0 0
46 49 0 1
46 50 0 1
48 1111111100011110010001000010111110110010101001100001000000010011101011000011110111111001011000101111
49 100
39 0
40 0
1 5 0 0
1 4 0 1
6 10 0 0
6 8 0 0
11 15 0 0
11 14 0 1
16 20 0 1
16 19 0 0
21 25 0 0
1 25 1 0
1 19 1 0
26 30 0 0
26 29 1 1
31 35 1 0
31 34 1 1
36 40 0 0
41 43 1 1
41 45 0 0
1 43 0 1
1 45 1 0
46 47 1 1
46 50 0 1
49 0000001000110001010011100100011110000111000011100000001101100001110110001101100010011101001100110001
50 100
39 38
40 38
1 4 1 1
1 5 1 1
6 8 0 0
6 10 1 0
11 15 1 0
11 11 0 0
16 17 1 1
16 20 1 0
21 25 0 0
21 23 0 1
1 25 0 0
1 23 0 0
26 28 0 0
26 30 1 1
31 33 1 1
31 35 1 1
36 40 1 0
36 38 0 0
41 45 1 0
41 42 1 0
1 45 1 1
1 42 1 1
46 48 0 0
46 50 0 1
50 0001110011000010110110000110111110110011110011101001111011100000110000111111100010100011101110110100
51 100
39 0
39 40
1 5 1 0
1 4 1 1
6 10 1 1
6 8 0 1
11 15 0 0
11 14 1 0
16 20 0 1
16 18 1 0
21 24 1 0
21 25 1 1
1 24 1 1
1 25 0 1
26 30 0 0
26 28 0 1
31 34 0 0
31 35 1 1
36 39 0 0
36 40 0 1
41 44 0 0
41 45 0 1
1 44 0 0
1 45 0 0
46 50 1 0
46 47 0 0
51 0110101101111001000011110000001000101000000000001100101011000110111001110100010011011100010111000101
52 100
36 39
36 40
1 4 0 1
1 5 0 0
6 9 0 0
6 10 1 0
11 15 0 0
11 14 1 1
16 20 1 0
16 17 1 0
21 25 0 0
21 24 1 1
1 25 1 0
1 24 1 1
26 29 1 1
26 30 0 1
31 35 0 1
31 34 1 1
36 36 0 1
36 40 0 1
41 44 1 1
41 45 0 1
1 44 1 1
1 45 1 0
46 50 0 1
46 48 1 1
52 1101111010100010011001101111111010000001011111110011101100111000110111101000011010000000100010110011
53 100
37 39
37 40
1 5 0 0
1 1 0 0
6 9 1 0
6 10 0 1
11 13 1 0
11 15 0 1
16 18 1 0
16 20 0 0
21 25 0 1
21 24 0 1
1 25 1 0
1 24 1 0
26 28 1 0
26 30 1 0
31 33 0 1
31 35 0 1
36 37 0 0
36 40 1 0
41 44 0 1
41 45 1 1
1 44 1 0
1 45 1 1
46 50 0 0
46 49 0 1
53 1110010011011110111111110100010011011101101110000010000100011010101010101001100011011110011001011001
54 100
38 39
40 39
1 3 1 1
1 5 0 0
6 9 1 1
6 10 1 0
11 15 0 1
11 13 0 0
16 20 1 0
16 17 0 0
21 24 0 0
21 25 0 0
1 24 1 0
1 25 0 0
26 27 0 1
26 30 0 0
31 33 1 1
31 35 1 1
36 40 1 0
36 39 1 1
41 45 0 0
41 44 0 1
1 45 1 0
1 44 0 0
46 50 0 0
46 49 1 1
54 0110010111100001000111100110101000101010011010101011001000001111110110010010100101101110011010000010
55 100
0 39
40 39
1 2 1 1
1 5 0 1
6 10 1 0
11 15 0 1
11 13 0 0
16 20 1 1
16 18 0 0
21 23 0 1
21 25 0 0
1 23 0 0
1 25 1 0
26 30 1 0
26 29 1 0
31 35 1 1
31 33 0 0
36 40 1 1
36 39 0 1
41 42 1 1
41 45 0 0
1 42 0 1
1 45 1 0
46 48 0 1
46 50 1 1
55 1010001101000010000000100000000110001110001111101111100111101111011111100100001011000010011011000110
56 100
36 39
40 39
1 3 0 0
1 5 1 0
6 9 0 0
6 10 1 1
11 15 0 1
11 14 1 0
16 20 1 0
16 18 1 1
21 25 1 0
21 24 1 0
1 25 1 1
1 24 0 1
26 28 1 1
26 30 0 1
31 35 0 0
31 34 0 0
36 40 1 1
36 39 0 1
41 45 0 0
41 43 1 1
1 45 1 0
1 43 0 1
46 46 1 1
46 50 1 1
56 0111100011011111111011110000011101111010010011010110100010111101001101101111100010110010011011011011
57 100
0 39
0 40
1 5 0 0
6 10 0 1
6 8 0 0
11 12 0 0
11 15 1 1
16 20 1 0
16 19 0 0
21 25 1 0
21 23 0 0
1 25 0 1
1 23 0 0
26 30 1 1
26 29 0 1
31 35 0 0
36 40 1 1
41 44 1 0
41 45 0 1
1 44 1 1
1 45 1 0
46 49 1 0
46 50 1 1
57 1011110101010100101010100100111111110010011110101110100101010100111111011011110111000010000110000010
58 100
39 37
40 37
1 2 0 1
1 5 0 1
6 8 1 0
6 10 1 0
11 15 1 0
16 18 1 0
16 20 0 1
21 25 1 1
21 24 0 1
1 25 0 1
1 24 0 0
26 26 1 1
26 30 0 0
31 35 0 0
31 34 0 0
36 40 1 0
36 37 1 0
41 42 1 0
41 45 0 0
1 42 1 1
1 45 1 0
46 48 1 0
46 50 0 1
58 0100101010101000001101110101110111000011011111010000010111000010011011111001111011111001010110010000
59 100
36 39
36 40
1 4 1 0
1 5 0 0
6 10 0 0
6 9 1 1
11 14 1 0
11 15 0 0
16 18 0 1
16 20 0 1
21 24 1 0
21 25 0 1
1 24 0 1
1 25 0 0
26 29 1 1
26 30 0 1
31 35 1 0
31 34 1 1
36 36 1 0
36 40 1 0
41 45 1 1
41 44 0 0
1 45 1 1
1 44 0 0
46 50 0 0
46 49 0 0
59 1100000011100001010011000100101111111011101011100010000001011101001000001110100100011010100111001000
60 100
39 38
39 40
1 5 0 1
1 1 1 0
6 8 0 1
6 10 1 1
11 15 0 0
11 14 0 0
16 18 0 1
16 20 0 1
21 25 0 0
21 21 1 1
1 25 0 0
1 21 1 1
26 30 1 1
26 28 1 1
31 35 0 0
36 39 0 0
36 40 0 0
41 45 1 0
1 39 0 0
1 45 0 1
46 50 1 0
46 49 0 0
60 0110011000111100001101110010010111110001001101000100011011001101011110010101000011100110110011111000
61 100
36 39
40 39
1 5 1 0
1 3 1 0
6 8 0 0
6 10 1 0
11 15 1 0
11 14 1 0
16 19 1 0
16 20 1 0
21 25 1 1
21 22 0 0
1 25 0 1
1 22 1 0
26 30 1 1
26 29 0 1
31 35 1 0
31 34 1 1
36 40 0 1
36 39 1 0
41 45 0 1
41 44 0 1
1 45 1 0
1 44 0 0
46 49 0 1
46 50 0 1
61 0000100010100010111011111100001011011011100011000001101001110101011000100010001100110000100110001000
62 100
39 38
39 40
1 5 1 0
1 4 0 1
6 8 1 1
6 10 0 0
11 14 1 0
11 15 1 0
16 18 0 0
16 20 1 0
21 23 1 0
21 25 0 0
1 23 1 1
1 25 1 0
26 27 1 0
26 30 1 1
31 34 0 1
31 35 0 0
36 39 0 0
36 40 0 0
41 45 1 1
41 43 1 0
1 45 0 1
1 43 1 1
46 46 0 1
46 50 1 0
62 1111000001100001011010011001011101001110101100111111111101100010100000101111110001001011111011011110
63 100
38 39
40 39
1 5 1 1
1 4 0 1
6 10 1 0
6 9 0 0
11 14 1 0
11 15 0 1
16 18 1 0
16 20 1 0
21 24 1 0
21 25 1 1
1 24 1 1
1 25 1 1
26 30 1 0
26 28 1 0
31 35 1 0
31 33 0 0
36 40 1 0
36 39 1 0
41 42 1 0
41 45 0 1
1 42 1 1
1 45 0 0
46 47 0 0
46 50 1 0
63 0100101001111101010110011111111101111011011100010110110011000111100000001101011010011000100001000001
64 100
39 38
39 40
1 4 0 0
1 5 1 0
6 8 0 1
6 10 0 1
11 15 1 0
11 13 0 0
16 20 0 0
16 17 0 0
21 21 1 0
21 25 1 1
1 21 0 1
1 25 0 1
26 30 0 0
26 28 0 1
31 33 1 0
31 35 1 0
36 39 1 1
36 40 1 0
41 45 0 0
41 43 1 0
1 45 0 0
1 43 1 1
46 47 1 1
46 50 1 0
64 0111001111101100111101010000000110101011011100111111100101001000110000110100101100010101001101000111
65 100
39 37
40 37
1 5 0 0
1 3 1 0
6 9 1 1
6 10 1 1
11 12 1 1
11 15 1 1
16 20 1 1
16 19 1 0
21 25 0 0
21 24 1 0
1 25 0 0
1 24 0 1
26 28 1 0
26 30 0 0
31 35 0 1
31 32 0 1
36 40 1 1
36 37 0 0
41 45 1 1
41 43 1 1
1 45 0 1
1 43 1 1
46 49 0 0
46 50 1 0
65 0100100000001101000010101000000011110000111000010111010111001110100000001110000110011011100111001010
66 100
39 38
40 38
1 5 1 0
6 10 1 0
6 7 0 0
11 14 0 1
11 15 1 0
16 20 1 1
16 19 1 0
21 23 0 1
21 25 1 0
1 23 0 0
1 25 1 1
26 29 0 0
26 30 0 1
31 35 1 1
36 40 0 0
36 38 0 0
41 45 0 1
41 44 0 1
1 45 0 0
1 44 1 0
46 50 0 0
46 49 1 1
66 0111011001000001010111010001010101100100001101011011011111011110100101110010110000110011010111101110
67 100
39 38
40 38
1 5 1 1
1 3 0 0
6 9 0 1
6 10 1 1
11 15 0 1
11 14 1 0
16 19 0 1
16 20 0 1
21 23 1 0
21 25 1 1
1 23 1 1
1 25 0 1
26 30 1 1
26 26 0 0
31 35 0 1
31 34 0 0
36 40 1 0
36 38 1 1
41 43 1 1
41 45 0 1
1 43 0 1
1 45 1 0
46 50 1 0
46 46 1 1
67 1001001111101110111011001100001101100000110111110101001111101101001100111111011100100011111000110011
68 100
38 39
38 40
1 4 1 1
1 5 0 0
6 6 1 0
6 10 1 0
11 15 1 0
11 13 1 1
16 20 0 0
16 19 0 0
21 24 1 1
21 25 0 0
1 24 0 1
1 25 0 0
26 29 0 1
26 30 0 0
31 35 1 1
31 34 1 0
36 38 0 0
36 40 1 0
41 43 1 1
41 45 0 1
1 43 0 1
1 45 1 0
46 49 1 0
46 50 1 1
68 0011111000010010001011011111110100001100110010011110100101000001110101100111001011100010000001010101
69 100
37 39
40 39
1 4 1 0
1 5 0 0
6 8 0 1
6 10 1 1
11 14 1 1
11 15 1 0
16 20 1 1
16 18 0 0
21 25 0 0
21 22 0 1
1 25 1 0
1 22 1 0
26 30 1 1
26 29 1 1
31 32 1 0
31 35 1 1
36 40 1 0
36 39 0 1
41 44 0 0
41 45 0 1
1 44 1 0
1 45 1 0
46 49 1 1
46 50 0 1
69 0011001001110111101100110000001000000110001110101000010101001111000011100001000100010101001010000110
70 100
39 37
40 37
1 5 0 1
1 4 1 0
6 7 0 0
6 10 0 0
11 15 0 1
11 14 0 1
16 20 1 1
16 19 1 0
21 25 1 0
21 22 1 1
1 25 0 1
1 22 0 1
26 29 1 0
26 30 0 0
31 35 0 0
31 34 1 0
36 40 0 0
36 37 0 1
41 45 1 1
1 45 0 1
1 37 1 0
46 50 1 0
46 47 0 1
70 0111000010110001011111001101010000101101010101001100101101010101000010110010111101111101010101011101
71 100
39 37
39 40
1 5 1 1
1 4 0 0
6 10 0 0
11 15 1 0
11 12 0 1
16 20 0 1
16 19 0 0
21 25 1 1
21 24 0 1
1 25 0 1
1 24 1 0
26 29 1 0
26 30 1 1
31 34 1 0
31 35 1 1
36 39 1 1
36 40 0 1
41 43 1 0
41 45 1 0
1 43 1 1
1 45 0 1
46 50 1 1
46 49 0 0
71 0100000101101000000100000111101001010011011101110100101010101010000111000111010000010110010101110111
72 100
38 39
38 40
1 5 0 0
1 4 0 0
6 8 0 1
6 10 0 0
11 15 0 1
11 14 0 0
16 19 0 1
16 20 0 1
21 25 0 1
21 23 1 0
1 25 0 0
1 23 1 1
26 30 1 1
26 27 1 0
31 33 1 0
31 35 0 0
36 38 0 1
36 40 0 0
41 45 0 1
41 44 0 1
1 45 1 0
1 44 0 0
46 50 0 1
72 1000111110001011001001111111101100000100101011110000111000000001000101100100011100000000010100000010
73 100
38 39
38 40
1 5 0 1
1 4 0 0
6 10 0 1
6 9 0 1
11 13 1 0
11 15 0 0
16 20 0 0
16 19 1 1
21 22 0 0
21 25 1 0
1 22 1 0
1 25 0 1
26 30 1 0
26 29 0 0
31 35 1 0
31 32 0 1
36 38 1 1
36 40 0 0
41 45 1 0
41 44 1 1
1 45 0 1
1 44 0 1
46 50 0 0
46 46 1 1
73 1110010000101001001000001010101110010001000001010011011101011011011010111111001111111000001001010100
74 100
39 38
40 38
1 5 0 0
1 3 0 0
6 10 1 0
6 8 1 0
11 15 1 0
16 18 1 0
16 20 0 0
21 24 1 0
21 25 0 0
1 24 0 1
1 25 1 0
26 30 1 1
26 29 1 1
31 35 0 0
31 33 1 0
36 40 0 0
36 38 0 0
41 45 0 0
1 40 1 0
1 45 0 0
46 47 1 0
46 50 0 0
74 1111000001001001011101011100100010110001101101101001000011010100101100110101001011010001000100010100
75 100
37 39
37 40
1 5 1 1
1 4 1 1
6 10 0 0
6 9 1 1
11 14 0 1
11 15 1 0
16 19 1 0
16 20 0 0
21 25 0 0
21 24 1 0
1 25 0 0
1 24 0 1
26 29 0 1
26 30 1 1
31 34 1 1
31 35 0 1
36 37 0 0
36 40 1 0
41 45 0 1
41 42 1 1
1 45 1 0
1 42 1 1
46 49 1 0
46 50 1 0
75 1010011001101100000101101111111100011001110110101110000001101000001001100000011011011000110000110011
76 100
39 38
39 40
1 5 1 0
1 3 0 0
6 10 1 0
6 9 1 0
11 15 1 0
11 14 0 0
16 19 1 1
16 20 0 0
21 23 1 0
21 25 0 0
1 23 0 1
1 25 1 0
26 29 0 0
26 30 1 1
31 34 0 0
31 35 0 0
36 39 0 0
36 40 1 1
41 45 1 1
41 44 0 1
1 45 0 1
1 44 1 0
46 47 1 0
46 50 0 1
76 0001101111111011001000100111101011100010001101100000001110110001010111001110001000101001100100100000
77 100
39 38
39 40
1 5 0 0
1 4 1 0
6 8 1 1
6 10 0 1
11 14 1 0
11 15 1 0
16 19 1 0
16 20 1 1
21 25 0 1
21 22 1 1
1 25 0 0
1 22 1 1
26 30 0 1
26 27 1 1
31 34 0 0
31 35 0 1
36 39 1 0
36 40 0 0
41 44 0 0
41 45 0 0
1 44 0 0
1 45 1 0
46 50 1 1
46 48 1 1
77 1010011101110101101000010100001110111111101011111100110111101010011100111001010100100001011000010100
78 100
39 38
39 40
1 5 1 1
1 4 1 0
6 9 1 1
6 10 0 0
11 14 0 1
11 15 1 0
16 18 1 0
16 20 1 1
21 25 0 1
21 22 0 1
1 25 0 0
1 22 0 0
26 30 1 0
31 32 0 1
31 35 0 0
36 39 0 1
36 40 0 0
41 42 1 0
41 45 1 1
1 42 0 1
1 45 0 1
46 50 0 1
46 47 0 1
78 0110011101001101101011111101101111100011001101010011001011101000011101011010001001100001011111110110
79 100
39 0
40 0
1 5 1 0
1 2 1 0
6 10 1 1
6 6 0 0
11 15 1 1
16 19 1 0
16 20 1 0
21 25 1 1
1 25 0 1
1 20 0 1
26 30 0 0
26 29 1 1
31 34 1 0
31 35 0 1
36 40 0 1
41 44 0 0
41 45 1 0
1 44 1 0
1 45 1 1
46 50 1 1
79 0001111011011100011001001101111010001101110110001100111100010100101011010100110100001011100010100100
80 100
39 37
40 37
1 1 0 1
1 5 1 1
6 10 1 1
6 6 0 0
11 15 1 1
11 14 0 1
16 20 1 1
16 18 1 1
21 24 1 0
21 25 0 0
1 24 1 1
1 25 1 0
26 30 1 0
26 29 1 0
31 35 1 1
31 33 0 0
36 40 1 0
36 37 0 1
41 45 0 1
41 44 1 1
1 45 1 0
1 44 1 1
46 48 0 1
46 50 0 1
80 1101011110010101100000101101100101010010100110100000101011001010110000111101101011001110111000101010
81 100
39 0
39 40
1 5 1 1
1 2 1 0
6 10 0 1
6 6 0 1
11 11 0 1
11 15 0 0
16 20 0 1
16 19 0 1
21 25 1 1
1 20 0 0
1 25 1 1
26 29 0 1
26 30 0 1
31 35 1 0
31 33 1 1
36 39 0 0
36 40 0 1
41 44 1 1
41 45 0 0
1 44 1 1
1 45 1 0
46 49 1 0
46 50 0 1
81 1001111000001110101001100101010001100001011110011000011100001111100001110100011011111111011110100100
82 100
39 37
40 37
1 2 0 1
1 5 1 1
6 10 1 0
6 8 0 1
11 15 0 1
11 14 1 1
16 20 0 0
16 19 1 0
21 24 1 0
21 25 0 0
1 24 0 1
1 25 0 0
26 29 1 1
26 30 1 1
31 35 0 1
31 34 1 1
36 40 1 1
36 37 0 1
41 43 1 1
41 45 1 1
1 43 0 1
1 45 0 1
46 50 0 1
46 48 1 1
82 0001011101110001110010111000000000101010100001110011110001001011100111010101000010111101010110101011
83 100
39 38
40 38
1 5 0 0
1 4 1 0
6 10 0 1
6 8 0 0
11 15 0 0
11 12 1 1
16 19 1 1
16 20 0 1
21 25 1 0
1 19 1 1
1 25 1 1
26 30 0 0
31 33 1 1
31 35 1 0
36 40 0 1
36 38 0 0
41 45 1 0
41 43 1 1
1 45 0 1
1 43 0 1
46 49 1 1
46 50 1 0
83 0000111101001110000110100100111101000111100101111110000100000011001111001100010111110000010111000011
84 100
39 38
40 38
1 2 1 1
1 5 0 0
6 10 1 0
6 9 0 0
11 15 0 0
16 20 1 1
16 18 0 1
21 25 0 1
21 21 1 1
1 25 1 0
1 21 1 1
26 30 0 0
26 29 0 0
31 33 1 1
31 35 1 0
36 40 0 0
36 38 1 0
41 45 1 1
41 42 1 0
1 45 1 1
1 42 0 1
46 50 1 1
46 47 1 0
84 0010111110000111110001001100100110000010000110101100111001011000000010111010110011110001111101010110
85 100
39 36
40 36
1 3 1 0
1 5 1 0
6 7 1 1
6 10 0 0
11 15 0 0
11 14 0 1
16 20 1 0
16 19 1 0
21 24 0 0
21 25 1 0
1 24 1 0
1 25 0 1
26 28 1 0
26 30 1 1
31 35 1 1
31 34 0 0
36 40 1 1
36 36 0 1
41 43 0 0
41 45 0 0
1 43 0 0
1 45 0 0
46 49 1 1
46 50 0 1
85 1001000011001111100010010011111010100101100101001000000011110101000010110110001110110010101101001100
86 100
38 39
40 39
1 5 1 0
1 4 0 1
6 9 0 0
6 10 1 1
11 12 1 0
11 15 0 1
16 19 0 1
16 20 0 0
21 22 0 1
21 25 0 1
1 22 0 0
1 25 0 0
26 30 0 0
26 27 1 0
31 34 0 0
31 35 1 0
36 40 0 1
36 39 1 1
41 45 1 1
41 43 0 0
1 45 1 1
1 43 0 0
46 50 0 0
46 48 1 1
86 1100111101010001000000110010000110110010110011111010101010111110111000111100111001011000001110100010
87 100
0 39
0 40
1 4 1 1
1 5 1 0
6 7 1 1
6 10 1 0
11 15 0 0
11 12 0 1
16 20 0 1
16 19 0 1
21 22 1 0
21 25 0 0
1 22 1 1
1 25 1 0
26 26 1 1
26 30 1 0
31 33 0 0
31 35 1 0
36 40 1 0
41 41 1 1
41 45 1 0
1 41 0 1
1 45 0 1
46 50 0 1
46 49 0 0
87 0000100011001010000110010000000111001000001101010010110011010001001010000010101100011010011101111010
88 100
39 38
40 38
1 5 1 0
6 10 1 1
6 9 0 0
11 11 0 0
11 15 1 0
16 20 0 0
16 19 1 0
21 24 0 0
21 25 1 0
1 24 1 0
1 25 1 1
26 29 0 1
26 30 1 0
31 35 1 1
31 31 1 1
36 40 0 1
36 38 0 0
41 43 0 1
41 45 0 1
1 43 1 0
1 45 1 0
46 50 0 0
88 0010101111000101100011000101100010011101001110011001100110010111111010001000110010011010010111001011
89 100
38 39
40 39
1 5 0 0
1 4 1 0
6 9 0 1
6 10 0 0
11 14 0 1
11 15 1 0
16 18 1 1
16 20 0 1
21 25 0 0
21 23 1 1
1 25 0 0
1 23 0 1
26 30 0 0
26 29 1 1
31 34 0 0
31 35 0 0
36 40 1 1
36 39 1 1
41 45 0 1
41 43 1 1
1 45 1 0
1 43 0 1
46 48 0 0
46 50 0 1
89 1101110010000111000000111010011001101000100110101001100000111010010011000010011100100100100000101110
90 100
39 0
40 0
1 5 0 1
1 2 0 1
6 9 1 1
6 10 0 0
11 14 1 1
11 15 0 0
16 20 0 0
16 19 0 0
21 25 1 1
1 25 1 1
1 19 1 0
26 27 0 1
26 30 0 0
31 34 1 1
31 35 0 1
36 40 1 0
41 45 1 1
41 43 1 1
1 45 1 1
1 43 1 1
46 49 1 0
46 50 1 1
90 0111010111000110001011011000001011011001101111001110111001100110000001000110010011110101001000110011
91 100
38 39
40 39
1 5 1 0
1 1 0 0
6 10 0 0
6 9 0 0
11 15 0 0
11 14 0 1
16 20 1 1
16 18 1 0
21 25 1 0
21 23 0 1
1 25 1 1
1 23 1 0
26 29 0 1
26 30 0 0
31 35 1 1
31 32 1 0
36 40 1 0
36 39 1 0
41 45 1 1
41 43 1 1
1 45 0 1
1 43 1 1
46 48 0 0
46 50 1 1
91 1101001111101110101001110001101111001110111001001111110111101101010011000111010010010010000101010101
92 100
39 0
39 40
1 5 0 1
1 3 0 1
6 9 0 0
6 10 1 1
11 15 0 0
11 14 0 0
16 18 1 1
16 20 0 1
21 25 1 1
21 24 1 0
1 25 1 1
1 24 1 1
26 30 1 1
26 29 1 0
31 35 0 0
31 33 1 0
36 39 1 0
36 40 1 1
41 45 1 0
41 42 0 0
1 45 1 1
1 42 1 0
46 49 0 1
46 50 1 0
92 0011010000111101111110101010011100001010110110010111000001110010111011000000010011001110010111010110
93 100
39 36
39 40
1 5 0 1
6 9 0 1
6 10 0 0
11 14 0 0
11 15 0 0
16 20 1 0
21 23 0 0
21 25 1 1
1 23 0 0
1 25 0 1
26 29 0 0
26 30 1 1
31 34 0 0
31 35 1 1
36 39 1 0
36 40 1 0
41 45 1 1
41 44 0 1
1 45 0 1
1 44 1 0
46 50 1 1
46 48 0 0
93 0110100010000101010110101101101111000000010101001100001111000111000000000111000110101000100011001001
94 100
38 39
38 40
1 5 1 1
1 4 1 0
6 8 0 0
6 10 0 1
11 14 0 0
11 15 0 0
16 19 1 1
16 20 0 1
21 25 1 0
21 22 0 0
1 25 1 1
1 22 0 0
26 30 0 0
26 29 1 1
31 34 0 0
31 35 0 0
36 38 1 0
36 40 0 1
41 45 0 1
41 44 1 0
1 45 0 0
1 44 1 1
46 50 1 0
46 49 1 1
94 1011110010111001001000101110100010000100001100101101111110100000101101110010100100111010010111001111
95 100
39 38
40 38
1 4 1 1
1 5 1 0
6 8 0 0
6 10 0 1
11 14 1 1
11 15 0 1
16 20 1 0
16 16 1 0
21 25 1 0
21 24 0 0
1 25 1 1
1 24 0 0
26 30 0 0
26 29 1 0
31 33 0 1
31 35 1 0
36 40 0 0
36 38 1 0
41 45 1 0
1 45 0 1
1 38 1 1
46 47 1 0
46 50 1 1
95 0000100100000001111001000010110010101111001000101111001110110010110011011011000110001010010000111101
96 100
36 39
36 40
1 2 0 1
1 5 1 0
6 8 1 0
6 10 0 1
11 14 1 1
11 15 0 1
16 18 0 0
16 20 1 0
21 25 0 0
1 18 1 0
1 25 0 0
26 30 1 1
26 27 0 1
31 35 1 1
31 34 1 0
36 36 1 0
36 40 1 1
41 45 0 0
41 42 0 0
1 45 0 0
1 42 0 0
46 49 1 1
46 50 0 1
96 1101101000100000111101010000011111110001101100111000001100011000001110011000101011011011010011111001
97 100
39 36
39 40
1 5 0 0
1 4 0 1
6 10 0 0
6 9 0 0
11 15 1 1
11 12 0 0
16 19 0 1
16 20 1 0
21 25 0 1
21 22 1 0
1 25 1 0
1 22 1 1
26 26 0 1
26 30 0 1
31 35 0 0
31 34 0 1
36 39 0 0
36 40 1 0
41 45 1 0
1 39 1 0
1 45 0 1
46 49 1 1
46 50 1 1
97 1101011110011111100000010100110011111110000000011110110000000000101010110001010101000000101110111001
98 100
0 39
0 40
1 3 0 0
1 5 0 1
6 10 1 1
6 6 0 1
11 13 0 0
11 15 1 0
16 19 0 1
16 20 0 0
21 25 1 0
21 23 1 1
1 25 1 1
1 23 0 1
26 30 0 0
26 29 0 1
31 35 1 1
31 33 0 1
36 40 0 0
41 43 0 1
41 45 0 1
1 43 0 0
1 45 1 0
46 48 1 1
46 50 1 1
98 0000001011000111100011101100100110110101100111010110010111111010101100110110110101011111000010000100
99 100
39 38
40 38
1 4 0 1
1 5 0 1
6 10 1 0
6 8 0 1
11 15 1 1
16 18 0 1
16 20 1 1
21 24 0 1
21 25 0 0
1 24 1 0
1 25 0 0
26 30 1 1
26 29 0 1
31 35 1 1
31 34 0 0
36 40 0 1
36 38 0 0
41 43 1 0
41 45 1 1
1 43 1 1
1 45 0 1
46 48 1 0
46 50 0 0
99 1011110100010000010011111000111101101100011101011001000010101110101111011001000000001000101110110100
